date,Open,High,Low,Close,Adj Close,Volume,Return,pred
2021-01-04,56.13999938964844,56.220001220703125,56.11000061035156,56.18000030517578,52.449588775634766,320800,1.0104316878951831,1.005886435508728
2021-01-05,56.18999862670898,56.18999862670898,56.09999847412109,56.09999847412109,52.37490081787109,214900,1.008992806002193,1.0090619325637817
2021-01-06,56.08000183105469,56.09000015258789,56.0099983215332,56.04999923706055,52.32822036743164,158900,1.0080935391239068,1.0044416189193726
2021-01-07,56.040000915527344,56.060001373291016,56.02000045776367,56.02999877929688,52.309547424316406,175100,1.0077338186506597,1.0062987804412842
2021-01-08,56.06499862670898,56.09999847412109,56.02999877929688,56.040000915527344,52.318885803222656,266300,1.0079137131921156,1.0054441690444946
2021-01-11,56.02999877929688,56.02999877929688,55.88999938964844,55.93999862670898,52.22552108764648,169600,1.006115110825878,1.0081183910369873
2021-01-12,55.84999847412109,55.8849983215332,55.83000183105469,55.84999847412109,52.14150238037109,214700,1.0044964030010963,1.00655198097229
2021-01-13,55.90999984741211,56.02999877929688,55.880001068115234,56.02999877929688,52.309547424316406,184900,1.0077338186506597,1.0048933029174805
2021-01-14,56.02000045776367,56.04999923706055,55.959999084472656,55.959999084472656,52.24419403076172,134400,1.0064748312991254,1.0063427686691284
2021-01-15,56.02000045776367,56.040000915527344,55.9900016784668,56.02999877929688,52.309547424316406,129800,1.0077338186506597,1.0065500736236572
2021-01-19,55.97999954223633,56.04999923706055,55.94499969482422,56.04999923706055,52.32822036743164,531500,1.0080935391239068,1.006880760192871
2021-01-20,55.970001220703125,56.0099983215332,55.93999862670898,56.0099983215332,52.29087448120117,654500,1.0073740981774115,1.0041933059692383
2021-01-21,55.900001525878906,55.90999984741211,55.79999923706055,55.869998931884766,52.16017150878906,1896300,1.004856123474344,1.006686806678772
2021-01-22,55.90999984741211,55.91999816894531,55.84000015258789,55.91999816894531,52.20685195922852,292800,1.0057553903526304,1.0027748346328735
2021-01-25,55.97999954223633,56.03799819946289,55.970001220703125,56.0,52.28153991699219,104200,1.0071942722456206,1.0098727941513062
2021-01-26,56.0,56.02999877929688,55.95000076293945,56.0099983215332,52.29087448120117,121400,1.0073740981774115,1.006503939628601
2021-01-27,55.9900016784668,56.02999877929688,55.93999862670898,55.970001220703125,52.253536224365234,160900,1.0066547258405818,1.0117006301879883
2021-01-28,55.97999954223633,55.9900016784668,55.900001525878906,55.900001525878906,52.18818283081055,141800,1.005395738489048,1.0075440406799316
2021-01-29,55.79999923706055,55.869998931884766,55.79999923706055,55.86000061035156,52.150840759277344,649800,1.004676297542553,1.0011907815933228
2021-02-01,55.84000015258789,55.88999938964844,55.79999923706055,55.88999938964844,52.1788444519043,272000,1.0052158439475918,1.008446216583252
2021-02-02,55.84999847412109,55.84999847412109,55.790000915527344,55.83000183105469,52.12282943725586,106400,1.004136751137514,1.0080891847610474
2021-02-03,55.810001373291016,55.810001373291016,55.766998291015625,55.790000915527344,52.085487365722656,150100,1.003417310191019,1.0068377256393433
2021-02-04,55.72999954223633,55.72999954223633,55.65999984741211,55.68999862670898,51.99212265014648,133900,1.0016187078247814,1.0071909427642822
2021-02-05,55.65999984741211,55.68299865722656,55.59999847412109,55.650001525878906,51.95478439331055,162000,1.0008993354879514,1.010839819908142
2021-02-08,55.61000061035156,55.65999984741211,55.54999923706055,55.63999938964844,51.9454460144043,180400,1.0007194409464952,1.008048415184021
2021-02-09,55.63999938964844,55.66999816894531,55.59000015258789,55.63999938964844,51.9454460144043,282700,1.0007194409464952,1.0077568292617798
2021-02-10,55.630001068115234,55.630001068115234,55.58000183105469,55.619998931884766,51.92677307128906,166500,1.0003597204732475,1.0082075595855713
2021-02-11,55.65999984741211,55.66699981689453,55.619998931884766,55.630001068115234,51.93611145019531,84600,1.000539615014704,1.0082334280014038
2021-02-12,55.54999923706055,55.54999923706055,55.5,55.5099983215332,51.82407760620117,103300,0.9983812921752188,1.0090482234954834
2021-02-16,55.41999816894531,55.41999816894531,55.22999954223633,55.2599983215332,51.59067153930664,133600,0.9938848891741222,1.0065616369247437
2021-02-17,55.31999969482422,55.36000061035156,55.310001373291016,55.31999969482422,51.64669418334961,116200,0.9949640505938648,1.0097615718841553
2021-02-18,55.220001220703125,55.26900100708008,55.209999084472656,55.2400016784668,51.57200622558594,132800,0.9935252373105397,1.0082770586013794
2021-02-19,55.130001068115234,55.16999816894531,55.02000045776367,55.040000915527344,51.38528823852539,250500,0.9899281011877294,1.0084917545318604
2021-02-22,55.04999923706055,55.124000549316406,55.0099983215332,55.0099983215332,51.35727310180664,288200,0.9893884861730258,1.0102359056472778
2021-02-23,54.93000030517578,55.0099983215332,54.90999984741211,54.9900016784668,51.33860397338867,407500,0.9890288343094432,1.0100786685943604
2021-02-24,54.79999923706055,54.91999816894531,54.77000045776367,54.91999816894531,51.27325439453125,164500,0.9877697783482444,1.0072555541992188
2021-02-25,54.68000030517578,54.72999954223633,54.52000045776367,54.650001525878906,51.02118682861328,680100,0.9829137234835652,1.0056742429733276
2021-02-26,54.77999877929688,54.91999816894531,54.68999862670898,54.91999816894531,51.27325439453125,585900,0.9877697783482444,1.0095467567443848
2021-03-01,54.9900016784668,55.06999969482422,54.970001220703125,55.060001373291016,51.40395736694336,218600,0.990287821660977,1.0105462074279785
2021-03-02,54.959999084472656,55.09999847412109,54.95000076293945,55.08000183105469,51.422630310058594,355300,0.9906475421342243,1.0076768398284912
2021-03-03,54.93999862670898,54.95000076293945,54.85900115966797,54.900001525878906,51.25458526611328,194600,0.987410126484662,1.0085704326629639
2021-03-04,54.95000076293945,54.97200012207031,54.81999969482422,54.84000015258789,51.19856643676758,142400,0.9863309650649192,1.0092689990997314
2021-03-05,54.900001525878906,54.959999084472656,54.86600112915039,54.93000030517578,51.28258895874024,197500,0.9879496728897006,1.012410044670105
2021-03-08,54.93999862670898,54.95000076293945,54.86000061035156,54.86000061035156,51.21723556518555,208900,0.9866906855381667,1.0116115808486938
2021-03-09,55.02000045776367,55.040000915527344,54.97200012207031,54.97999954223633,51.32926940917969,230800,0.9888489397679868,1.0080841779708862
2021-03-10,54.9900016784668,55.04999923706055,54.97999954223633,55.040000915527344,51.38528823852539,263700,0.9899281011877294,1.0109128952026367
2021-03-11,55.06999969482422,55.09000015258789,55.02999877929688,55.060001373291016,51.40395736694336,120600,0.990287821660977,1.0098320245742798
2021-03-12,54.880001068115234,54.900001525878906,54.84999847412109,54.900001525878906,51.25458526611328,85000,0.987410126484662,1.0120643377304077
2021-03-15,54.880001068115234,54.970001220703125,54.8759994506836,54.93999862670898,51.29192352294922,120200,0.9881294988214918,1.0117454528808594
2021-03-16,54.959999084472656,55.0099983215332,54.959999084472656,54.9900016784668,51.33860397338867,117500,0.9890288343094432,1.0042691230773926
2021-03-17,54.84000015258789,54.90999984741211,54.77000045776367,54.869998931884766,51.22657012939453,275900,0.986870511469958,1.008069396018982
2021-03-18,54.68999862670898,54.77000045776367,54.65999984741211,54.7599983215332,51.12387847900391,123300,0.9848920831719292,1.0122175216674805
2021-03-19,54.790000915527344,54.84000015258789,54.7599983215332,54.82500076293945,51.18456268310547,165300,0.9860611918623998,1.0070866346359253
2021-03-22,54.84000015258789,54.91899871826172,54.81100082397461,54.90999984741211,51.263919830322266,181300,0.9875899524164532,1.0112122297286987
2021-03-23,54.97999954223633,55.02999877929688,54.95000076293945,55.02999877929688,51.37594985961914,196600,0.9897482066462734,1.004143238067627
2021-03-24,55.02999877929688,55.130001068115234,55.0,55.130001068115234,51.46930694580078,337300,0.9915468090125108,1.0060592889785767
2021-03-25,55.13999938964844,55.150001525878906,55.11000061035156,55.130001068115234,51.46930694580078,82100,0.9915468090125108,1.0070081949234009
2021-03-26,55.02000045776367,55.06999969482422,55.0,55.04499816894531,51.38995361328125,131200,0.9900179798487928,1.0074708461761475
2021-03-29,55.040000915527344,55.040000915527344,54.92300033569336,54.95500183105469,51.305931091308594,716000,0.9883993406336764,1.0090457201004028
2021-03-30,54.84999847412109,54.90999984741211,54.81100082397461,54.90999984741211,51.263919830322266,209700,0.9875899524164532,1.0059535503387451
2021-03-31,54.880001068115234,54.90999984741211,54.810001373291016,54.86000061035156,51.21723556518555,394600,0.9866906855381667,1.006449580192566
2021-04-01,54.9900016784668,55.0,54.95500183105469,54.9900016784668,51.33860397338867,232800,0.9890288343094432,1.0108503103256226
2021-04-05,54.900001525878906,54.93999862670898,54.83000183105469,54.91999816894531,51.27325439453125,322500,0.9877697783482444,1.0092310905456543
2021-04-06,54.970001220703125,54.970001220703125,54.79999923706055,54.91999816894531,51.27325439453125,1897700,0.9877697783482444,1.0095213651657104
2021-04-07,55.08000183105469,55.08000183105469,54.91999816894531,54.95000076293945,51.30126190185547,313300,0.988309393362948,1.0069739818572998
2021-04-08,55.02000045776367,55.04999923706055,55.0099983215332,55.04999923706055,51.394622802734375,190200,0.9901079271195208,1.0127408504486084
2021-04-09,54.91999816894531,54.97999954223633,54.91999816894531,54.95000076293945,51.30126190185547,151900,0.988309393362948,1.0156279802322388
2021-04-12,54.95000076293945,54.95000076293945,54.89500045776367,54.93000030517578,51.28258895874024,275400,0.9879496728897006,1.012154459953308
2021-04-13,54.95000076293945,55.02999877929688,54.94499969482422,55.02999877929688,51.37594985961914,473100,0.9897482066462734,1.0046175718307495
2021-04-14,54.95000076293945,54.95000076293945,54.84000015258789,54.880001068115234,51.23590850830078,364100,0.9870504060114142,1.0100126266479492
2021-04-15,54.91999816894531,55.04999923706055,54.91999816894531,54.9900016784668,51.33860397338867,344000,0.9890288343094432,1.0056614875793457
2021-04-16,54.900001525878906,54.91999816894531,54.880001068115234,54.88999938964844,51.24524688720703,121100,0.9872302319432056,1.0143284797668457
2021-04-19,54.84000015258789,54.900001525878906,54.81999969482422,54.869998931884766,51.22657012939453,277100,0.986870511469958,0.997818112373352
2021-04-20,54.86000061035156,54.959999084472656,54.84999847412109,54.95000076293945,51.30126190185547,108600,0.988309393362948,1.020371675491333
2021-04-21,55.02000045776367,55.053001403808594,54.99100112915039,55.040000915527344,51.38528823852539,145200,0.9899281011877294,1.0089350938796997
2021-04-22,55.02000045776367,55.060001373291016,54.97200012207031,55.04999923706055,51.394622802734375,178100,0.9901079271195208,1.0080945491790771
2021-04-23,55.02999877929688,55.02999877929688,54.959999084472656,55.0,51.347938537597656,81200,0.9892086602412344,1.006077766418457
2021-04-26,54.97999954223633,55.0,54.93000030517578,54.93000030517578,51.28258895874024,88600,0.9879496728897006,0.9984860420227051
2021-04-27,54.90999984741211,54.91999816894531,54.83000183105469,54.869998931884766,51.22657012939453,203400,0.986870511469958,1.0014830827713013
2021-04-28,54.880001068115234,54.935001373291016,54.84999847412109,54.91999816894531,51.27325439453125,174000,0.9877697783482444,1.0013936758041382
2021-04-29,54.7599983215332,54.79999923706055,54.72999954223633,54.790000915527344,51.151885986328125,146400,0.985431698186633,1.0024014711380005
2021-04-30,54.83000183105469,54.88999938964844,54.790000915527344,54.84000015258789,51.19856643676758,839800,0.9863309650649192,1.0127465724945068
2021-05-03,54.83000183105469,54.87799835205078,54.79999923706055,54.84000015258789,51.19856643676758,237600,0.9863309650649192,1.0077903270721436
2021-05-04,54.880001068115234,54.93000030517578,54.84999847412109,54.93000030517578,51.28258895874024,955600,0.9879496728897006,1.004799246788025
2021-05-05,54.91999816894531,54.959999084472656,54.89500045776367,54.959999084472656,51.31059646606445,1048300,0.9884892192947394,1.0102238655090332
2021-05-06,54.869998931884766,54.95000076293945,54.869998931884766,54.93999862670898,51.29192352294922,123900,0.9881294988214918,1.0039538145065308
2021-05-07,54.900001525878906,54.90999984741211,54.81999969482422,54.86000061035156,51.21723556518555,151700,0.9866906855381667,1.0067025423049927
2021-05-10,54.84999847412109,54.86000061035156,54.790000915527344,54.81999969482422,51.17989349365234,375500,0.9859712445916716,1.001092791557312
2021-05-11,54.709999084472656,54.77999877929688,54.709999084472656,54.7599983215332,51.12387847900391,357800,0.9848920831719292,0.99915611743927
2021-05-12,54.68000030517578,54.68999862670898,54.58000183105469,54.619998931884766,50.9931755065918,355600,0.9823741084688616,1.010599970817566
2021-05-13,54.61000061035156,54.65999984741211,54.61000061035156,54.65999984741211,51.030517578125,188300,0.9830935494153564,1.0067325830459595
2021-05-14,54.63999938964844,54.65900039672852,54.59999847412109,54.630001068115234,51.00251388549805,204800,0.9825540030103178,1.010832667350769
2021-05-17,54.58000183105469,54.59999847412109,54.54999923706055,54.59999847412109,50.9744987487793,185300,0.982014387995614,1.0140923261642456
2021-05-18,54.560001373291016,54.59999847412109,54.560001373291016,54.59999847412109,50.9744987487793,193100,0.982014387995614,1.0017353296279907
2021-05-19,54.540000915527344,54.61000061035156,54.5099983215332,54.54999923706055,50.92782211303711,104000,0.9811151211173276,1.0090173482894897
2021-05-20,54.619998931884766,54.68999862670898,54.59000015258789,54.68000030517578,51.04919052124024,385300,0.9834532698886042,0.9974056482315063
2021-05-21,54.720001220703125,54.73699951171875,54.67300033569336,54.70000076293945,51.06786346435547,77400,0.9838129903618515,1.0038316249847412
2021-05-24,54.7400016784668,54.790000915527344,54.709999084472656,54.790000915527344,51.151885986328125,180300,0.985431698186633,1.0010581016540527
2021-05-25,54.83000183105469,54.869998931884766,54.810001373291016,54.869998931884766,51.22657012939453,450100,0.986870511469958,0.997774600982666
2021-05-26,54.93000030517578,54.95000076293945,54.91999816894531,54.93999862670898,51.29192352294922,258900,0.9881294988214918,1.0016206502914429
2021-05-27,54.84999847412109,54.86000061035156,54.79999923706055,54.86000061035156,51.21723556518555,94400,0.9866906855381667,1.0039066076278687
2021-05-28,54.810001373291016,54.869998931884766,54.790000915527344,54.790000915527344,51.151885986328125,936700,0.985431698186633,1.0064942836761475
2021-06-01,54.810001373291016,54.880001068115234,54.78099822998047,54.880001068115234,51.23590850830078,726700,0.9870504060114142,1.0163143873214722
2021-06-02,54.880001068115234,54.93000030517578,54.86000061035156,54.93000030517578,51.28258895874024,878700,0.9879496728897006,0.9996799230575562
2021-06-03,54.86000061035156,54.869998931884766,54.84299850463867,54.86000061035156,51.21723556518555,103400,0.9866906855381667,1.0062265396118164
2021-06-04,54.869998931884766,54.970001220703125,54.869998931884766,54.970001220703125,51.3199348449707,86900,0.9886691138361956,1.0096065998077393
2021-06-07,54.880001068115234,54.91999816894531,54.869998931884766,54.880001068115234,51.23590850830078,974900,0.9870504060114142,1.0053085088729858
2021-06-08,54.95000076293945,54.97999954223633,54.93000030517578,54.97999954223633,51.32926940917969,158900,0.9888489397679868,1.0085992813110352
2021-06-09,55.06999969482422,55.119998931884766,55.02000045776367,55.02000045776367,51.36661148071289,1056700,0.989568380714482,1.0050517320632935
2021-06-10,54.959999084472656,55.09999847412109,54.959999084472656,55.06999969482422,51.41329193115234,217500,0.9904676475927684,1.0075843334197998
2021-06-11,55.13999938964844,55.16999816894531,55.11100006103516,55.150001525878906,51.487979888916016,1164100,0.9919065294857584,1.0003703832626343
2021-06-14,55.13999938964844,55.13999938964844,55.060001373291016,55.08000183105469,51.422630310058594,737000,0.9906475421342243,0.9963232278823853
2021-06-15,55.02999877929688,55.060001373291016,55.02000045776367,55.04999923706055,51.394622802734375,109700,0.9901079271195208,1.0048285722732544
2021-06-16,55.0099983215332,55.09000015258789,54.900001525878906,54.91999816894531,51.27325439453125,769200,0.9877697783482444,1.0134823322296143
2021-06-17,54.93999862670898,55.150001525878906,54.93999862670898,55.150001525878906,51.487979888916016,102700,0.9919065294857584,1.0072836875915527
2021-06-18,55.04999923706055,55.18999862670898,55.02999877929688,55.18999862670898,51.52532577514648,210800,0.9926259018225884,1.0001590251922607
2021-06-21,55.040000915527344,55.06999969482422,54.9900016784668,55.06999969482422,51.41329193115234,912500,0.9904676475927684,1.0048713684082031
2021-06-22,55.09999847412109,55.09999847412109,54.90999984741211,54.93000030517578,51.28258895874024,175500,0.9879496728897006,0.9962074756622314
2021-06-23,54.959999084472656,54.970001220703125,54.93000030517578,54.959999084472656,51.31059646606445,147700,0.9884892192947394,1.0067580938339233
2021-06-24,54.9900016784668,55.060001373291016,54.9900016784668,55.060001373291016,51.40395736694336,875800,0.990287821660977,1.0045427083969116
2021-06-25,54.959999084472656,54.959999084472656,54.900001525878906,54.93999862670898,51.29192352294922,93500,0.9881294988214918,1.0027852058410645
2021-06-28,54.959999084472656,55.025001525878906,54.95000076293945,55.0,51.347938537597656,199800,0.9892086602412344,0.9982384443283081
2021-06-29,54.95000076293945,55.0099983215332,54.95000076293945,55.0099983215332,51.35727310180664,77400,0.9893884861730258,0.9950211644172668
2021-06-30,55.02999877929688,55.09999847412109,55.02999877929688,55.09999847412109,51.44129943847656,374200,0.991007193997807,0.9964777231216431
2021-07-01,55.08000183105469,55.119998931884766,55.06999969482422,55.119998931884766,51.4599723815918,118800,0.9913669144710546,1.0017576217651367
2021-07-02,55.15999984741211,55.209999084472656,55.14099884033203,55.18999862670898,51.52532577514648,109200,0.9926259018225884,1.0037118196487427
2021-07-06,55.18000030517578,55.29999923706055,55.18000030517578,55.2599983215332,51.59067153930664,107000,0.9938848891741222,0.9969096779823303
2021-07-07,55.33000183105469,55.45000076293945,55.33000183105469,55.45000076293945,51.768062591552734,297700,0.9973021993651412,1.0003494024276733
2021-07-08,55.459999084472656,55.52999877929688,55.459999084472656,55.5,51.81474304199219,229800,0.9982014662434276,1.0047757625579834
2021-07-09,55.369998931884766,55.43000030517578,55.369998931884766,55.400001525878906,51.721378326416016,87500,0.9964029324868549,1.0072193145751953
2021-07-12,55.43999862670898,55.43999862670898,55.34999847412109,55.41999816894531,51.740047454833984,213900,0.9967625843504374,0.9967623353004456
2021-07-13,55.38999938964844,55.4900016784668,55.369998931884766,55.38999938964844,51.71204376220703,213900,0.9962230379453988,1.0062057971954346
2021-07-14,55.45000076293945,55.58000183105469,55.43999862670898,55.58000183105469,51.889434814453125,387500,0.9996403481364176,1.0002169609069824
2021-07-15,55.790000915527344,55.790000915527344,55.43000030517578,55.560001373291016,51.87075805664063,132000,0.99928062766317,0.9926619529724121
2021-07-16,55.52000045776367,55.59000015258789,55.5099983215332,55.58000183105469,51.889434814453125,178900,0.9996403481364176,0.9955162405967712
2021-07-19,55.66999816894531,55.75,55.66999816894531,55.75,52.04814147949219,278400,1.002697869244524,1.0002820491790771
2021-07-20,55.59000015258789,55.845001220703125,55.59000015258789,55.810001373291016,52.10415649414063,394800,1.0037770306642666,1.009348750114441
2021-07-21,55.630001068115234,55.665000915527344,55.560001373291016,55.58000183105469,51.889434814453125,277900,0.9996403481364176,1.0087449550628662
2021-07-22,55.63999938964844,55.70700073242188,55.59000015258789,55.650001525878906,51.95478439331055,227300,1.0008993354879514,0.9953537583351135
2021-07-23,55.650001525878906,55.709999084472656,55.650001525878906,55.68999862670898,51.99212265014648,387500,1.0016187078247814,1.0000276565551758
2021-07-26,55.709999084472656,55.709999084472656,55.66600036621094,55.709999084472656,52.01079940795898,204900,1.001978428298029,0.9961941838264465
2021-07-27,55.75,55.81999969482422,55.720001220703125,55.81999969482422,52.11349105834961,351000,1.003956856596058,1.0002888441085815
2021-07-28,55.720001220703125,55.81999969482422,55.720001220703125,55.81999969482422,52.11349105834961,182300,1.003956856596058,1.0053868293762207
2021-07-29,55.68999862670898,55.77000045776367,55.66999816894531,55.72999954223633,52.02946853637695,597500,1.0023381487712766,0.9855371117591858
2021-07-30,55.720001220703125,55.84000015258789,55.720001220703125,55.83000183105469,52.12282943725586,607900,1.004136751137514,0.9979418516159058
2021-08-02,55.810001373291016,55.95000076293945,55.810001373291016,55.810001373291016,52.10415649414063,698400,1.0037770306642666,0.9882679581642151
2021-08-03,55.91999816894531,55.970001220703125,55.900001525878906,55.90999984741211,52.19751739501953,279500,1.0055755644208393,0.9908454418182373
2021-08-04,56.0,56.02999877929688,55.900001525878906,56.0099983215332,52.29087448120117,1107200,1.0073740981774115,0.9903092384338379
2021-08-05,55.970001220703125,56.0099983215332,55.93399810791016,55.970001220703125,52.253536224365234,401500,1.0066547258405818,1.0013213157653809
2021-08-06,55.810001373291016,55.869998931884766,55.77999877929688,55.810001373291016,52.10415649414063,332300,1.0037770306642666,0.9995296597480774
2021-08-09,56.0,56.0099983215332,55.83000183105469,55.91999816894531,52.20685195922852,215900,1.0057553903526304,0.9862905740737915
2021-08-10,55.900001525878906,55.93000030517578,55.84000015258789,55.84999847412109,52.14150238037109,148700,1.0044964030010963,0.9975023865699768
2021-08-11,55.84000015258789,55.880001068115234,55.80199813842773,55.880001068115234,52.16950988769531,156500,1.0050360180158004,0.9940885305404663
2021-08-12,55.81999969482422,55.86000061035156,55.80500030517578,55.84999847412109,52.14150238037109,88300,1.0044964030010963,0.985694944858551
2021-08-13,55.84000015258789,55.90999984741211,55.84000015258789,55.90999984741211,52.19751739501953,179100,1.0055755644208393,0.9901869893074036
2021-08-16,55.869998931884766,55.92499923706055,55.84000015258789,55.85499954223633,52.14616775512695,274700,1.0045863502718249,0.9965847730636597
2021-08-17,55.880001068115234,55.9900016784668,55.86000061035156,55.9900016784668,52.27220916748047,130500,1.0070144463138293,0.9863479137420654
2021-08-18,55.95000076293945,55.97999954223633,55.8849983215332,55.97999954223633,52.26287078857422,153200,1.006834551772373,1.0007846355438232
2021-08-19,55.970001220703125,55.97999954223633,55.930999755859375,55.95000076293945,52.234859466552734,202200,1.0062950053673343,0.9897822141647339
2021-08-20,55.970001220703125,55.9900016784668,55.95000076293945,55.9900016784668,52.27220916748047,236400,1.0070144463138293,1.0000945329666138
2021-08-23,55.93999862670898,55.95000076293945,55.88999938964844,55.95000076293945,52.234859466552734,153500,1.0062950053673343,0.993585467338562
2021-08-24,55.91999816894531,55.91999816894531,55.84000015258789,55.869998931884766,52.16017150878906,130900,1.004856123474344,1.0005717277526855
2021-08-25,55.70000076293945,55.81999969482422,55.68999862670898,55.70000076293945,52.00146484375,423400,1.0017986023662375,1.0038031339645386
2021-08-26,55.68999862670898,55.72999954223633,55.68000030517578,55.72999954223633,52.02946853637695,212300,1.0023381487712766,0.9939519166946411
2021-08-27,55.72999954223633,55.79999923706055,55.69499969482422,55.79999923706055,52.094818115234375,95200,1.0035971361228104,1.0041097402572632
2021-08-30,55.75,55.84999847412109,55.744998931884766,55.84999847412109,52.14150238037109,93900,1.0044964030010963,0.9894737601280212
2021-08-31,55.75,55.75,55.61000061035156,55.75,52.04814147949219,1670300,1.002697869244524,0.9899869561195374
2021-09-01,55.68000030517578,55.72999954223633,55.63999938964844,55.63999938964844,51.9454460144043,358500,1.0007194409464952,0.9964213371276855
2021-09-02,55.72999954223633,55.77000045776367,55.720001220703125,55.7599983215332,52.05747604370117,215300,1.0028776951763152,0.993800699710846
2021-09-03,55.630001068115234,55.650001525878906,55.560001373291016,55.650001525878906,51.95478439331055,201200,1.0008993354879514,0.9881715178489685
2021-09-07,55.5,55.516998291015625,55.459999084472656,55.5099983215332,51.82407760620117,288900,0.9983812921752188,0.9915655851364136
2021-09-08,55.54999923706055,55.56999969482422,55.52000045776367,55.56999969482422,51.88009643554688,195400,0.9994604535949612,0.9903653264045715
2021-09-09,55.56999969482422,55.650001525878906,55.560001373291016,55.63999938964844,51.9454460144043,344200,1.0007194409464952,0.9923696517944336
2021-09-10,55.59000015258789,55.6150016784668,55.52999877929688,55.56999969482422,51.88009643554688,392100,0.9994604535949612,0.9895367622375488
2021-09-13,55.61000061035156,55.61000061035156,55.54499816894531,55.59000015258789,51.89876937866211,319200,0.9998201740682088,0.9880754351615906
2021-09-14,55.58000183105469,55.65999984741211,55.58000183105469,55.63999938964844,51.9454460144043,213100,1.0007194409464952,0.9863749742507935
2021-09-15,55.58000183105469,55.58000183105469,55.5,55.540000915527344,51.85208511352539,195300,0.9989209071899224,0.9847323298454285
2021-09-16,55.40999984741211,55.47999954223633,55.40700149536133,55.470001220703125,51.78673553466797,162600,0.9976619198383888,0.9946627020835876
2021-09-17,55.400001525878906,55.43999862670898,55.369998931884766,55.43999862670898,51.75872421264648,156300,0.9971223048236848,0.9952556490898132
2021-09-20,55.5,55.52999877929688,55.47999954223633,55.52999877929688,51.84274673461914,283900,0.9987410126484664,0.9881699085235596
2021-09-21,55.540000915527344,55.58000183105469,55.5099983215332,55.52999877929688,51.84274673461914,71300,0.9987410126484664,0.9909992218017578
2021-09-22,55.52999877929688,55.59999847412109,55.525001525878906,55.59000015258789,51.89876937866211,150700,0.9998201740682088,0.9917489290237427
2021-09-23,55.459999084472656,55.4900016784668,55.290000915527344,55.310001373291016,51.63735961914063,163400,0.9947842246620736,0.9957820773124695
2021-09-24,55.2400016784668,55.2400016784668,55.18000030517578,55.220001220703125,51.5533332824707,84800,0.9931655168372922,0.9834974408149719
2021-09-27,55.130001068115234,55.220001220703125,55.130001068115234,55.220001220703125,51.5533332824707,369800,0.9931655168372922,0.9950152635574341
2021-09-28,55.02999877929688,55.08700180053711,55.0,55.060001373291016,51.40395736694336,102700,0.990287821660977,0.9884576797485352
2021-09-29,55.11000061035156,55.16999816894531,55.060001373291016,55.13999938964844,51.478641510009766,172800,0.991726634944302,0.9890173077583313
2021-09-30,55.02000045776367,55.09000015258789,55.0,55.02000045776367,51.36661148071289,176900,0.989568380714482,0.9903151392936707
2021-10-01,55.040000915527344,55.18000030517578,55.040000915527344,55.18000030517578,51.5159912109375,438200,0.9924460758907973,0.9863954782485962
2021-10-04,55.06999969482422,55.08000183105469,55.0099983215332,55.08000183105469,51.422630310058594,274300,0.9906475421342243,0.9899351000785828
2021-10-05,55.02000045776367,55.040000915527344,54.84000015258789,54.93000030517578,51.28258895874024,378700,0.9879496728897006,0.9902586340904236
2021-10-06,54.90999984741211,54.95800018310547,54.869998931884766,54.93999862670898,51.29192352294922,251400,0.9881294988214918,0.9847870469093323
2021-10-07,54.91999816894531,54.95000076293945,54.88999938964844,54.91999816894531,51.27325439453125,89400,0.9877697783482444,0.9863633513450623
2021-10-08,54.84999847412109,54.869998931884766,54.79199981689453,54.81999969482422,51.17989349365234,72100,0.9859712445916716,0.9876787066459656
2021-10-11,54.70000076293945,54.720001220703125,54.66999816894531,54.68999862670898,51.05852508544922,70400,0.9836330958203952,0.9921936988830566
2021-10-12,54.720001220703125,54.790000915527344,54.720001220703125,54.790000915527344,51.151885986328125,315200,0.985431698186633,0.9835075736045837
2021-10-13,54.81999969482422,54.90900039672852,54.81999969482422,54.869998931884766,51.22657012939453,150200,0.986870511469958,0.9849824905395508
2021-10-14,54.90999984741211,55.040000915527344,54.900001525878906,55.02999877929688,51.37594985961914,341900,0.9897482066462734,0.9860559701919556
2021-10-15,54.900001525878906,54.93999862670898,54.8650016784668,54.900001525878906,51.25458526611328,381000,0.987410126484662,0.9893614649772644
2021-10-18,54.810001373291016,54.869998931884766,54.77999877929688,54.869998931884766,51.22657012939453,327600,0.986870511469958,0.9890593886375427
2021-10-19,54.75,54.7599983215332,54.70000076293945,54.72999954223633,51.09586715698242,207300,0.9843525367668904,0.9824636578559875
2021-10-20,54.72999954223633,54.77999877929688,54.72999954223633,54.7400016784668,51.10520553588867,120900,0.9845324313083468,0.985783040523529
2021-10-21,54.709999084472656,54.75,54.630001068115234,54.709999084472656,51.07719802856445,141500,0.9839928162936428,0.9901852607727051
2021-10-22,54.720001220703125,54.790000915527344,54.68999862670898,54.77999877929688,51.14255142211914,126700,0.9852518036451768,0.9925558567047119
2021-10-25,54.77000045776367,54.810001373291016,54.75,54.79999923706055,51.16122055053711,184000,0.9856115241184242,0.9873501658439636
2021-10-26,54.81999969482422,54.84999847412109,54.775001525878906,54.83000183105469,51.189231872558594,132000,0.986151139133128,0.9910591840744019
2021-10-27,54.97999954223633,55.08700180053711,54.93000030517578,55.06999969482422,51.41329193115234,188200,0.9904676475927684,0.98801589012146
2021-10-28,55.0099983215332,55.0099983215332,54.880001068115234,54.93000030517578,51.28258895874024,169300,0.9879496728897006,0.9904539585113525
2021-10-29,54.810001373291016,54.900001525878906,54.810001373291016,54.869998931884766,51.22657012939453,372500,0.986870511469958,0.982634425163269
2021-11-01,54.810001373291016,54.869998931884766,54.69400024414063,54.83000183105469,51.189231872558594,503700,0.986151139133128,0.9888513088226318
2021-11-02,54.90999984741211,54.97999954223633,54.90999984741211,54.970001220703125,51.3199348449707,135300,0.9886691138361956,0.9883524775505066
2021-11-03,55.0,55.0,54.869998931884766,55.0,51.347938537597656,136700,0.9892086602412344,0.9896509051322937
2021-11-04,55.040000915527344,55.15999984741211,55.02000045776367,55.130001068115234,51.46930694580078,173900,0.9915468090125108,0.9879361391067505
2021-11-05,55.27000045776367,55.45000076293945,55.2400016784668,55.45000076293945,51.768062591552734,170100,0.9973021993651412,0.9826610684394836
2021-11-08,55.310001373291016,55.31100082397461,55.22299957275391,55.29999923706055,51.628021240234375,104800,0.9946043301206172,0.9842797517776489
2021-11-09,55.400001525878906,55.43000030517578,55.34999847412109,55.41999816894531,51.740047454833984,1446000,0.9967625843504374,0.987331748008728
2021-11-10,55.33000183105469,55.34000015258789,55.11000061035156,55.13999938964844,51.478641510009766,136900,0.991726634944302,0.9972149133682251
2021-11-11,55.209999084472656,55.209999084472656,55.13999938964844,55.13999938964844,51.478641510009766,129700,0.991726634944302,0.9912731051445007
2021-11-12,55.20000076293945,55.22999954223633,55.150001525878906,55.22999954223633,51.56266784667969,205900,0.9933453427690836,0.996308445930481
2021-11-15,55.29999923706055,55.29999923706055,55.0099983215332,55.040000915527344,51.38528823852539,183400,0.9899281011877294,0.9898338317871094
2021-11-16,55.09999847412109,55.13999938964844,55.08000183105469,55.13999938964844,51.478641510009766,405900,0.991726634944302,0.9917057156562805
2021-11-17,55.27999877929688,55.27999877929688,55.04499816894531,55.15999984741211,51.497318267822266,426300,0.9920863554175496,0.9856902956962585
2021-11-18,55.150001525878906,55.20000076293945,55.119998931884766,55.20000076293945,51.53466033935547,318900,0.9928057963640446,0.9906976222991943
2021-11-19,55.27000045776367,55.34999847412109,55.27000045776367,55.34999847412109,51.67469787597656,154200,0.9955035969989036,0.9872920513153076
2021-11-22,55.2599983215332,55.5,55.130001068115234,55.150001525878906,51.487979888916016,298800,0.9919065294857584,0.9762370586395264
2021-11-23,55.08000183105469,55.08000183105469,54.93999862670898,55.0099983215332,51.35727310180664,243100,0.9893884861730258,0.9899563789367676
2021-11-24,54.93000030517578,55.08000183105469,54.90999984741211,55.08000183105469,51.422630310058594,378800,0.9906475421342243,0.993289053440094
2021-11-26,55.18000030517578,55.369998931884766,55.18000030517578,55.29999923706055,51.628021240234375,76400,0.9946043301206172,0.9846922159194946
2021-11-29,55.15999984741211,55.290000915527344,55.15999984741211,55.290000915527344,51.618682861328125,140300,0.994424504188826,0.9936255812644958
2021-11-30,55.43999862670898,55.5,55.36000061035156,55.4900016784668,51.8054084777832,311900,0.9980216403116362,0.9896904826164246
2021-12-01,55.34999847412109,55.470001220703125,55.30500030517578,55.470001220703125,51.78673553466797,249700,0.9976619198383888,0.986819863319397
2021-12-02,55.5,55.52000045776367,55.44499969482422,55.4900016784668,51.8054084777832,183100,0.9980216403116362,0.9977275133132935
2021-12-03,55.43000030517578,55.63999938964844,55.42900085449219,55.63999938964844,51.9454460144043,241000,1.0007194409464952,0.9929717183113098
2021-12-06,55.59999847412109,55.630001068115234,55.54999923706055,55.584999084472656,51.89409637451172,223300,0.9997302267974808,1.0029661655426025
2021-12-07,55.560001373291016,55.595001220703125,55.5099983215332,55.54999923706055,51.861419677734375,374500,0.9991007331217138,0.9824553728103638
2021-12-08,55.459999084472656,55.47999954223633,55.38999938964844,55.47999954223633,51.79607009887695,117500,0.99784174577018,0.9972184896469116
2021-12-09,55.5099983215332,55.54999923706055,55.47999954223633,55.5,51.81474304199219,293900,0.9982014662434276,0.9954773783683777
2021-12-10,55.52000045776367,55.630001068115234,55.52000045776367,55.630001068115234,51.93611145019531,254900,1.000539615014704,0.9994419813156128
2021-12-13,55.630001068115234,55.709999084472656,55.60100173950195,55.709999084472656,52.01079940795898,123500,1.001978428298029,0.9964396953582764
2021-12-14,55.58000183105469,55.63999938964844,55.560001373291016,55.63999938964844,51.9454460144043,197800,1.0007194409464952,0.9963690042495728
2021-12-15,55.52999877929688,55.59600067138672,55.52999877929688,55.58000183105469,51.889434814453125,154100,0.9996403481364176,0.991590678691864
2021-12-16,54.84999847412109,55.0099983215332,54.84999847412109,55.0099983215332,51.947975158691406,271300,0.9893884861730258,0.9849463701248169
2021-12-17,55.0099983215332,55.05799865722656,55.0099983215332,55.04999923706055,51.98575210571289,100300,0.9901079271195208,0.9811100363731384
2021-12-20,55.02000045776367,55.060001373291016,54.95500183105469,55.0099983215332,51.947975158691406,490600,0.9893884861730258,0.9804514646530151
2021-12-21,55.02000045776367,55.02000045776367,54.70000076293945,54.77000045776367,51.72134017944336,390600,0.9850719777133854,0.986297607421875
2021-12-22,54.7400016784668,54.77999877929688,54.665000915527344,54.77000045776367,51.72134017944336,415500,0.9850719777133854,0.9972844123840332
2021-12-23,54.630001068115234,54.65999984741211,54.54999923706055,54.65999984741211,51.617462158203125,643600,0.9830935494153564,0.9845790266990662
2021-12-27,54.59999847412109,54.65999984741211,54.59000015258789,54.63999938964844,51.598575592041016,292800,0.982733828942109,0.9900019764900208
2021-12-28,54.630001068115234,54.65700149536133,54.59000015258789,54.619998931884766,51.579689025878906,262500,0.9823741084688616,0.9887616038322449
2021-12-29,54.540000915527344,54.56499862670898,54.435001373291016,54.47999954223633,51.44747924804688,353300,0.979856133765794,1.0011558532714844
2021-12-30,54.5099983215332,54.58000183105469,54.5,54.58000183105469,51.54191589355469,507500,0.9816547361320316,0.9869814515113831
2021-12-31,54.540000915527344,54.59000015258789,54.5,54.52999877929688,51.49469757080078,422100,0.9807554006440804,0.9903683662414551
2022-01-03,54.38999938964844,54.40999984741211,54.290000915527344,54.310001373291016,51.28694534301758,253400,0.9767986126576874,0.995145320892334
2022-01-04,54.33000183105469,54.36899948120117,54.27999877929688,54.29999923706055,51.27750015258789,227200,0.9766187181162312,0.9932546019554138
2022-01-05,54.31999969482422,54.34000015258789,54.22999954223633,54.2400016784668,51.22084045410156,425900,0.9755396253061536,0.9849322438240051
2022-01-06,54.16999816894531,54.20500183105469,54.150001525878906,54.18999862670898,51.17361831665039,209000,0.9746402898182024,0.990841805934906
2022-01-07,54.16999816894531,54.16999816894531,54.08000183105469,54.130001068115234,51.11696243286133,155000,0.9735611970081248,0.9901873469352722
2022-01-10,54.04999923706055,54.04999923706055,54.0099983215332,54.02999877929688,51.02252578735352,351000,0.9717625946418872,0.9872857332229614
2022-01-11,54.0,54.04999923706055,53.95500183105469,54.04999923706055,51.041412353515625,232200,0.9721223151151348,0.9989882111549377
2022-01-12,54.150001525878906,54.15999984741211,54.08399963378906,54.09000015258789,51.07918930053711,157400,0.9728417560616296,0.9864497184753418
2022-01-13,54.16999816894531,54.2400016784668,54.13999938964844,54.2400016784668,51.22084045410156,237000,0.9755396253061536,0.9938969612121582
2022-01-14,54.150001525878906,54.150001525878906,54.060001373291016,54.09999847412109,51.08863067626953,931100,0.9730215819934208,0.993828535079956
2022-01-18,53.9900016784668,54.04999923706055,53.869998931884766,53.90999984741211,50.90920639038086,871300,0.969604340412067,0.9879207015037537
2022-01-19,53.97999954223633,53.99399948120117,53.91999816894531,53.93000030517578,50.92809295654297,344900,0.9699640608853144,0.9917548298835754
